0.000000 0.000000 0.000000 0.000000 0.000000 
0.000000 0.000000 0.000000 0.000000 0.000000 
0.000000 0.000000 100.000000 0.000000 0.000000 
0.000000 0.000000 0.000000 0.000000 0.000000 
0.000000 0.000000 0.000000 0.000000 0.000000 

0.000000 0.000000 0.000000 0.000000 0.000000 
0.000000 0.000000 25.000000 0.000000 0.000000 
0.000000 25.000000 0.000000 25.000000 0.000000 
0.000000 0.000000 25.000000 0.000000 0.000000 
0.000000 0.000000 0.000000 0.000000 0.000000 

0.000000 0.000000 0.000000 0.000000 0.000000 
0.000000 12.500000 0.000000 12.500000 0.000000 
0.000000 0.000000 25.000000 0.000000 0.000000 
0.000000 12.500000 0.000000 12.500000 0.000000 
0.000000 0.000000 0.000000 0.000000 0.000000 

0.000000 0.000000 0.000000 0.000000 0.000000 
0.000000 0.000000 12.500000 0.000000 0.000000 
0.000000 12.500000 0.000000 12.500000 0.000000 
0.000000 0.000000 12.500000 0.000000 0.000000 
0.000000 0.000000 0.000000 0.000000 0.000000 

0.000000 0.000000 0.000000 0.000000 0.000000 
0.000000 6.250000 0.000000 6.250000 0.000000 
0.000000 0.000000 12.500000 0.000000 0.000000 
0.000000 6.250000 0.000000 6.250000 0.000000 
0.000000 0.000000 0.000000 0.000000 0.000000 

0.000000 0.000000 0.000000 0.000000 0.000000 
0.000000 0.000000 6.250000 0.000000 0.000000 
0.000000 6.250000 0.000000 6.250000 0.000000 
0.000000 0.000000 6.250000 0.000000 0.000000 
0.000000 0.000000 0.000000 0.000000 0.000000 

0.000000 0.000000 0.000000 0.000000 0.000000 
0.000000 3.125000 0.000000 3.125000 0.000000 
0.000000 0.000000 6.250000 0.000000 0.000000 
0.000000 3.125000 0.000000 3.125000 0.000000 
0.000000 0.000000 0.000000 0.000000 0.000000 

0.000000 0.000000 0.000000 0.000000 0.000000 
0.000000 0.000000 3.125000 0.000000 0.000000 
0.000000 3.125000 0.000000 3.125000 0.000000 
0.000000 0.000000 3.125000 0.000000 0.000000 
0.000000 0.000000 0.000000 0.000000 0.000000 

0.000000 0.000000 0.000000 0.000000 0.000000 
0.000000 1.562500 0.000000 1.562500 0.000000 
0.000000 0.000000 3.125000 0.000000 0.000000 
0.000000 1.562500 0.000000 1.562500 0.000000 
0.000000 0.000000 0.000000 0.000000 0.000000 

0.000000 0.000000 0.000000 0.000000 0.000000 
0.000000 0.000000 1.562500 0.000000 0.000000 
0.000000 1.562500 0.000000 1.562500 0.000000 
0.000000 0.000000 1.562500 0.000000 0.000000 
0.000000 0.000000 0.000000 0.000000 0.000000 

0.000000 0.000000 0.000000 0.000000 0.000000 
0.000000 0.781250 0.000000 0.781250 0.000000 
0.000000 0.000000 1.562500 0.000000 0.000000 
0.000000 0.781250 0.000000 0.781250 0.000000 
0.000000 0.000000 0.000000 0.000000 0.000000 

0.000000 0.000000 0.000000 0.000000 0.000000 
0.000000 0.000000 0.781250 0.000000 0.000000 
0.000000 0.781250 0.000000 0.781250 0.000000 
0.000000 0.000000 0.781250 0.000000 0.000000 
0.000000 0.000000 0.000000 0.000000 0.000000 

0.000000 0.000000 0.000000 0.000000 0.000000 
0.000000 0.390625 0.000000 0.390625 0.000000 
0.000000 0.000000 0.781250 0.000000 0.000000 
0.000000 0.390625 0.000000 0.390625 0.000000 
0.000000 0.000000 0.000000 0.000000 0.000000 

0.000000 0.000000 0.000000 0.000000 0.000000 
0.000000 0.000000 0.390625 0.000000 0.000000 
0.000000 0.390625 0.000000 0.390625 0.000000 
0.000000 0.000000 0.390625 0.000000 0.000000 
0.000000 0.000000 0.000000 0.000000 0.000000 

0.000000 0.000000 0.000000 0.000000 0.000000 
0.000000 0.195312 0.000000 0.195312 0.000000 
0.000000 0.000000 0.390625 0.000000 0.000000 
0.000000 0.195312 0.000000 0.195312 0.000000 
0.000000 0.000000 0.000000 0.000000 0.000000 

0.000000 0.000000 0.000000 0.000000 0.000000 
0.000000 0.000000 0.195312 0.000000 0.000000 
0.000000 0.195312 0.000000 0.195312 0.000000 
0.000000 0.000000 0.195312 0.000000 0.000000 
0.000000 0.000000 0.000000 0.000000 0.000000 

0.000000 0.000000 0.000000 0.000000 0.000000 
0.000000 0.097656 0.000000 0.097656 0.000000 
0.000000 0.000000 0.195312 0.000000 0.000000 
0.000000 0.097656 0.000000 0.097656 0.000000 
0.000000 0.000000 0.000000 0.000000 0.000000 

0.000000 0.000000 0.000000 0.000000 0.000000 
0.000000 0.000000 0.097656 0.000000 0.000000 
0.000000 0.097656 0.000000 0.097656 0.000000 
0.000000 0.000000 0.097656 0.000000 0.000000 
0.000000 0.000000 0.000000 0.000000 0.000000 

0.000000 0.000000 0.000000 0.000000 0.000000 
0.000000 0.048828 0.000000 0.048828 0.000000 
0.000000 0.000000 0.097656 0.000000 0.000000 
0.000000 0.048828 0.000000 0.048828 0.000000 
0.000000 0.000000 0.000000 0.000000 0.000000 

0.000000 0.000000 0.000000 0.000000 0.000000 
0.000000 0.000000 0.048828 0.000000 0.000000 
0.000000 0.048828 0.000000 0.048828 0.000000 
0.000000 0.000000 0.048828 0.000000 0.000000 
0.000000 0.000000 0.000000 0.000000 0.000000 

0.000000 0.000000 0.000000 0.000000 0.000000 
0.000000 0.024414 0.000000 0.024414 0.000000 
0.000000 0.000000 0.048828 0.000000 0.000000 
0.000000 0.024414 0.000000 0.024414 0.000000 
0.000000 0.000000 0.000000 0.000000 0.000000 

0.000000 0.000000 0.000000 0.000000 0.000000 
0.000000 0.000000 0.024414 0.000000 0.000000 
0.000000 0.024414 0.000000 0.024414 0.000000 
0.000000 0.000000 0.024414 0.000000 0.000000 
0.000000 0.000000 0.000000 0.000000 0.000000 

0.000000 0.000000 0.000000 0.000000 0.000000 
0.000000 0.012207 0.000000 0.012207 0.000000 
0.000000 0.000000 0.024414 0.000000 0.000000 
0.000000 0.012207 0.000000 0.012207 0.000000 
0.000000 0.000000 0.000000 0.000000 0.000000 

0.000000 0.000000 0.000000 0.000000 0.000000 
0.000000 0.000000 0.012207 0.000000 0.000000 
0.000000 0.012207 0.000000 0.012207 0.000000 
0.000000 0.000000 0.012207 0.000000 0.000000 
0.000000 0.000000 0.000000 0.000000 0.000000 

0.000000 0.000000 0.000000 0.000000 0.000000 
0.000000 0.006104 0.000000 0.006104 0.000000 
0.000000 0.000000 0.012207 0.000000 0.000000 
0.000000 0.006104 0.000000 0.006104 0.000000 
0.000000 0.000000 0.000000 0.000000 0.000000 

0.000000 0.000000 0.000000 0.000000 0.000000 
0.000000 0.000000 0.006104 0.000000 0.000000 
0.000000 0.006104 0.000000 0.006104 0.000000 
0.000000 0.000000 0.006104 0.000000 0.000000 
0.000000 0.000000 0.000000 0.000000 0.000000 

0.000000 0.000000 0.000000 0.000000 0.000000 
0.000000 0.003052 0.000000 0.003052 0.000000 
0.000000 0.000000 0.006104 0.000000 0.000000 
0.000000 0.003052 0.000000 0.003052 0.000000 
0.000000 0.000000 0.000000 0.000000 0.000000 

0.000000 0.000000 0.000000 0.000000 0.000000 
0.000000 0.000000 0.003052 0.000000 0.000000 
0.000000 0.003052 0.000000 0.003052 0.000000 
0.000000 0.000000 0.003052 0.000000 0.000000 
0.000000 0.000000 0.000000 0.000000 0.000000 

0.000000 0.000000 0.000000 0.000000 0.000000 
0.000000 0.001526 0.000000 0.001526 0.000000 
0.000000 0.000000 0.003052 0.000000 0.000000 
0.000000 0.001526 0.000000 0.001526 0.000000 
0.000000 0.000000 0.000000 0.000000 0.000000 

0.000000 0.000000 0.000000 0.000000 0.000000 
0.000000 0.000000 0.001526 0.000000 0.000000 
0.000000 0.001526 0.000000 0.001526 0.000000 
0.000000 0.000000 0.001526 0.000000 0.000000 
0.000000 0.000000 0.000000 0.000000 0.000000 

0.000000 0.000000 0.000000 0.000000 0.000000 
0.000000 0.000763 0.000000 0.000763 0.000000 
0.000000 0.000000 0.001526 0.000000 0.000000 
0.000000 0.000763 0.000000 0.000763 0.000000 
0.000000 0.000000 0.000000 0.000000 0.000000 

0.000000 0.000000 0.000000 0.000000 0.000000 
0.000000 0.000000 0.000763 0.000000 0.000000 
0.000000 0.000763 0.000000 0.000763 0.000000 
0.000000 0.000000 0.000763 0.000000 0.000000 
0.000000 0.000000 0.000000 0.000000 0.000000 

0.000000 0.000000 0.000000 0.000000 0.000000 
0.000000 0.000381 0.000000 0.000381 0.000000 
0.000000 0.000000 0.000763 0.000000 0.000000 
0.000000 0.000381 0.000000 0.000381 0.000000 
0.000000 0.000000 0.000000 0.000000 0.000000 

0.000000 0.000000 0.000000 0.000000 0.000000 
0.000000 0.000000 0.000381 0.000000 0.000000 
0.000000 0.000381 0.000000 0.000381 0.000000 
0.000000 0.000000 0.000381 0.000000 0.000000 
0.000000 0.000000 0.000000 0.000000 0.000000 

0.000000 0.000000 0.000000 0.000000 0.000000 
0.000000 0.000191 0.000000 0.000191 0.000000 
0.000000 0.000000 0.000381 0.000000 0.000000 
0.000000 0.000191 0.000000 0.000191 0.000000 
0.000000 0.000000 0.000000 0.000000 0.000000 

0.000000 0.000000 0.000000 0.000000 0.000000 
0.000000 0.000000 0.000191 0.000000 0.000000 
0.000000 0.000191 0.000000 0.000191 0.000000 
0.000000 0.000000 0.000191 0.000000 0.000000 
0.000000 0.000000 0.000000 0.000000 0.000000 

0.000000 0.000000 0.000000 0.000000 0.000000 
0.000000 0.000095 0.000000 0.000095 0.000000 
0.000000 0.000000 0.000191 0.000000 0.000000 
0.000000 0.000095 0.000000 0.000095 0.000000 
0.000000 0.000000 0.000000 0.000000 0.000000 

0.000000 0.000000 0.000000 0.000000 0.000000 
0.000000 0.000000 0.000095 0.000000 0.000000 
0.000000 0.000095 0.000000 0.000095 0.000000 
0.000000 0.000000 0.000095 0.000000 0.000000 
0.000000 0.000000 0.000000 0.000000 0.000000 

0.000000 0.000000 0.000000 0.000000 0.000000 
0.000000 0.000048 0.000000 0.000048 0.000000 
0.000000 0.000000 0.000095 0.000000 0.000000 
0.000000 0.000048 0.000000 0.000048 0.000000 
0.000000 0.000000 0.000000 0.000000 0.000000 

0.000000 0.000000 0.000000 0.000000 0.000000 
0.000000 0.000000 0.000048 0.000000 0.000000 
0.000000 0.000048 0.000000 0.000048 0.000000 
0.000000 0.000000 0.000048 0.000000 0.000000 
0.000000 0.000000 0.000000 0.000000 0.000000 

0.000000 0.000000 0.000000 0.000000 0.000000 
0.000000 0.000024 0.000000 0.000024 0.000000 
0.000000 0.000000 0.000048 0.000000 0.000000 
0.000000 0.000024 0.000000 0.000024 0.000000 
0.000000 0.000000 0.000000 0.000000 0.000000 

0.000000 0.000000 0.000000 0.000000 0.000000 
0.000000 0.000000 0.000024 0.000000 0.000000 
0.000000 0.000024 0.000000 0.000024 0.000000 
0.000000 0.000000 0.000024 0.000000 0.000000 
0.000000 0.000000 0.000000 0.000000 0.000000 

0.000000 0.000000 0.000000 0.000000 0.000000 
0.000000 0.000012 0.000000 0.000012 0.000000 
0.000000 0.000000 0.000024 0.000000 0.000000 
0.000000 0.000012 0.000000 0.000012 0.000000 
0.000000 0.000000 0.000000 0.000000 0.000000 

0.000000 0.000000 0.000000 0.000000 0.000000 
0.000000 0.000000 0.000012 0.000000 0.000000 
0.000000 0.000012 0.000000 0.000012 0.000000 
0.000000 0.000000 0.000012 0.000000 0.000000 
0.000000 0.000000 0.000000 0.000000 0.000000 

0.000000 0.000000 0.000000 0.000000 0.000000 
0.000000 0.000006 0.000000 0.000006 0.000000 
0.000000 0.000000 0.000012 0.000000 0.000000 
0.000000 0.000006 0.000000 0.000006 0.000000 
0.000000 0.000000 0.000000 0.000000 0.000000 

0.000000 0.000000 0.000000 0.000000 0.000000 
0.000000 0.000000 0.000006 0.000000 0.000000 
0.000000 0.000006 0.000000 0.000006 0.000000 
0.000000 0.000000 0.000006 0.000000 0.000000 
0.000000 0.000000 0.000000 0.000000 0.000000 

0.000000 0.000000 0.000000 0.000000 0.000000 
0.000000 0.000003 0.000000 0.000003 0.000000 
0.000000 0.000000 0.000006 0.000000 0.000000 
0.000000 0.000003 0.000000 0.000003 0.000000 
0.000000 0.000000 0.000000 0.000000 0.000000 

