95.000000 8.000000 78.000000 25.000000 18.000000 77.000000 75.000000 71.000000 47.000000 7.000000 23.000000 73.000000 28.000000 73.000000 44.000000 81.000000 20.000000 38.000000 71.000000 68.000000 68.000000 44.000000 55.000000 81.000000 62.000000 28.000000 12.000000 23.000000 88.000000 66.000000 57.000000 83.000000 27.000000 88.000000 60.000000 45.000000 65.000000 35.000000 69.000000 12.000000 43.000000 92.000000 85.000000 23.000000 17.000000 81.000000 56.000000 38.000000 20.000000 27.000000 
58.000000 88.000000 23.000000 65.000000 21.000000 37.000000 93.000000 33.000000 60.000000 82.000000 0.000000 70.000000 17.000000 27.000000 58.000000 78.000000 24.000000 23.000000 65.000000 45.000000 87.000000 60.000000 37.000000 72.000000 35.000000 7.000000 54.000000 92.000000 45.000000 26.000000 71.000000 3.000000 14.000000 47.000000 20.000000 87.000000 84.000000 13.000000 21.000000 97.000000 47.000000 21.000000 67.000000 17.000000 0.000000 77.000000 95.000000 76.000000 52.000000 12.000000 
22.000000 39.000000 73.000000 11.000000 11.000000 8.000000 18.000000 17.000000 52.000000 15.000000 43.000000 24.000000 70.000000 9.000000 71.000000 90.000000 97.000000 55.000000 4.000000 18.000000 52.000000 3.000000 91.000000 71.000000 20.000000 43.000000 48.000000 67.000000 19.000000 0.000000 80.000000 93.000000 91.000000 5.000000 5.000000 3.000000 13.000000 75.000000 72.000000 18.000000 91.000000 16.000000 42.000000 61.000000 25.000000 65.000000 52.000000 74.000000 72.000000 8.000000 
92.000000 77.000000 11.000000 35.000000 48.000000 84.000000 78.000000 49.000000 51.000000 50.000000 1.000000 31.000000 95.000000 93.000000 36.000000 0.000000 48.000000 2.000000 28.000000 20.000000 72.000000 19.000000 88.000000 14.000000 80.000000 14.000000 31.000000 84.000000 40.000000 3.000000 92.000000 33.000000 80.000000 56.000000 20.000000 81.000000 92.000000 51.000000 30.000000 43.000000 1.000000 83.000000 27.000000 96.000000 28.000000 15.000000 49.000000 76.000000 69.000000 77.000000 
49.000000 41.000000 48.000000 37.000000 7.000000 80.000000 3.000000 38.000000 65.000000 44.000000 94.000000 9.000000 29.000000 74.000000 17.000000 49.000000 55.000000 9.000000 0.000000 37.000000 5.000000 53.000000 73.000000 84.000000 2.000000 1.000000 99.000000 51.000000 78.000000 21.000000 80.000000 79.000000 14.000000 80.000000 16.000000 74.000000 60.000000 72.000000 12.000000 25.000000 16.000000 58.000000 87.000000 45.000000 85.000000 4.000000 46.000000 40.000000 66.000000 47.000000 
30.000000 71.000000 52.000000 3.000000 7.000000 54.000000 4.000000 6.000000 5.000000 34.000000 79.000000 37.000000 13.000000 94.000000 17.000000 82.000000 68.000000 78.000000 54.000000 32.000000 55.000000 22.000000 43.000000 94.000000 19.000000 28.000000 99.000000 65.000000 20.000000 17.000000 64.000000 50.000000 40.000000 17.000000 5.000000 47.000000 71.000000 62.000000 5.000000 29.000000 96.000000 37.000000 66.000000 62.000000 31.000000 36.000000 96.000000 51.000000 66.000000 2.000000 
35.000000 21.000000 24.000000 78.000000 16.000000 43.000000 6.000000 67.000000 60.000000 79.000000 36.000000 25.000000 29.000000 76.000000 42.000000 87.000000 75.000000 65.000000 49.000000 80.000000 94.000000 97.000000 17.000000 13.000000 11.000000 0.000000 49.000000 7.000000 3.000000 67.000000 61.000000 91.000000 40.000000 37.000000 69.000000 8.000000 80.000000 28.000000 27.000000 93.000000 7.000000 63.000000 18.000000 88.000000 91.000000 12.000000 75.000000 66.000000 77.000000 24.000000 
99.000000 72.000000 22.000000 68.000000 37.000000 85.000000 21.000000 38.000000 93.000000 24.000000 5.000000 54.000000 15.000000 45.000000 92.000000 37.000000 6.000000 24.000000 17.000000 33.000000 17.000000 76.000000 97.000000 87.000000 16.000000 88.000000 99.000000 92.000000 7.000000 77.000000 68.000000 6.000000 1.000000 42.000000 74.000000 90.000000 28.000000 95.000000 28.000000 73.000000 72.000000 85.000000 79.000000 39.000000 82.000000 23.000000 76.000000 88.000000 0.000000 45.000000 
22.000000 17.000000 21.000000 71.000000 57.000000 90.000000 59.000000 56.000000 82.000000 18.000000 85.000000 2.000000 24.000000 38.000000 45.000000 51.000000 28.000000 73.000000 98.000000 8.000000 98.000000 70.000000 93.000000 77.000000 10.000000 76.000000 1.000000 38.000000 64.000000 1.000000 36.000000 38.000000 70.000000 9.000000 9.000000 27.000000 99.000000 21.000000 36.000000 81.000000 39.000000 73.000000 84.000000 16.000000 12.000000 81.000000 67.000000 92.000000 6.000000 65.000000 
1.000000 4.000000 36.000000 46.000000 81.000000 98.000000 22.000000 34.000000 36.000000 39.000000 35.000000 72.000000 77.000000 58.000000 82.000000 39.000000 37.000000 33.000000 60.000000 73.000000 15.000000 51.000000 47.000000 51.000000 67.000000 11.000000 32.000000 34.000000 3.000000 38.000000 0.000000 4.000000 42.000000 88.000000 51.000000 75.000000 38.000000 25.000000 10.000000 26.000000 16.000000 97.000000 51.000000 94.000000 55.000000 85.000000 85.000000 93.000000 18.000000 97.000000 
18.000000 33.000000 48.000000 65.000000 36.000000 16.000000 76.000000 68.000000 2.000000 32.000000 58.000000 54.000000 88.000000 52.000000 42.000000 39.000000 28.000000 32.000000 17.000000 90.000000 59.000000 33.000000 39.000000 10.000000 79.000000 95.000000 95.000000 64.000000 40.000000 13.000000 61.000000 58.000000 99.000000 10.000000 76.000000 35.000000 78.000000 4.000000 4.000000 80.000000 36.000000 14.000000 35.000000 25.000000 67.000000 29.000000 16.000000 47.000000 62.000000 85.000000 
37.000000 73.000000 19.000000 76.000000 83.000000 50.000000 23.000000 78.000000 15.000000 15.000000 43.000000 28.000000 26.000000 42.000000 90.000000 2.000000 78.000000 20.000000 58.000000 34.000000 1.000000 47.000000 48.000000 88.000000 24.000000 67.000000 69.000000 92.000000 14.000000 31.000000 78.000000 3.000000 56.000000 97.000000 32.000000 39.000000 99.000000 55.000000 69.000000 14.000000 71.000000 13.000000 95.000000 49.000000 55.000000 85.000000 3.000000 85.000000 6.000000 61.000000 
71.000000 59.000000 60.000000 72.000000 99.000000 84.000000 39.000000 68.000000 77.000000 54.000000 52.000000 55.000000 9.000000 8.000000 4.000000 41.000000 48.000000 3.000000 97.000000 17.000000 70.000000 20.000000 82.000000 65.000000 69.000000 90.000000 2.000000 24.000000 75.000000 60.000000 85.000000 99.000000 71.000000 98.000000 71.000000 70.000000 82.000000 10.000000 39.000000 59.000000 16.000000 91.000000 66.000000 26.000000 51.000000 22.000000 67.000000 99.000000 26.000000 16.000000 
69.000000 48.000000 88.000000 3.000000 65.000000 9.000000 93.000000 19.000000 33.000000 21.000000 32.000000 71.000000 20.000000 3.000000 69.000000 43.000000 74.000000 51.000000 53.000000 65.000000 63.000000 22.000000 8.000000 81.000000 48.000000 59.000000 4.000000 67.000000 11.000000 82.000000 36.000000 32.000000 82.000000 24.000000 35.000000 47.000000 86.000000 81.000000 18.000000 19.000000 54.000000 50.000000 42.000000 26.000000 54.000000 11.000000 69.000000 80.000000 15.000000 22.000000 
97.000000 30.000000 96.000000 5.000000 63.000000 44.000000 16.000000 19.000000 64.000000 27.000000 53.000000 52.000000 11.000000 35.000000 76.000000 99.000000 34.000000 14.000000 80.000000 53.000000 34.000000 34.000000 3.000000 76.000000 60.000000 9.000000 40.000000 29.000000 89.000000 55.000000 3.000000 38.000000 37.000000 0.000000 43.000000 0.000000 96.000000 60.000000 20.000000 12.000000 39.000000 73.000000 64.000000 3.000000 61.000000 93.000000 2.000000 95.000000 7.000000 82.000000 
0.000000 93.000000 68.000000 4.000000 22.000000 80.000000 65.000000 62.000000 61.000000 7.000000 69.000000 16.000000 45.000000 58.000000 16.000000 41.000000 58.000000 65.000000 53.000000 30.000000 29.000000 92.000000 4.000000 46.000000 47.000000 65.000000 39.000000 49.000000 12.000000 98.000000 83.000000 13.000000 92.000000 51.000000 69.000000 66.000000 83.000000 34.000000 28.000000 44.000000 93.000000 49.000000 61.000000 39.000000 7.000000 29.000000 80.000000 17.000000 46.000000 33.000000 
48.000000 76.000000 77.000000 4.000000 22.000000 25.000000 69.000000 13.000000 26.000000 33.000000 11.000000 10.000000 46.000000 55.000000 13.000000 67.000000 21.000000 97.000000 2.000000 1.000000 93.000000 47.000000 2.000000 54.000000 86.000000 9.000000 36.000000 18.000000 27.000000 82.000000 3.000000 27.000000 10.000000 81.000000 31.000000 84.000000 58.000000 52.000000 49.000000 36.000000 85.000000 61.000000 98.000000 84.000000 68.000000 12.000000 51.000000 42.000000 61.000000 5.000000 
95.000000 54.000000 53.000000 98.000000 61.000000 39.000000 59.000000 97.000000 10.000000 38.000000 31.000000 13.000000 65.000000 94.000000 94.000000 48.000000 78.000000 4.000000 0.000000 28.000000 93.000000 86.000000 41.000000 91.000000 70.000000 61.000000 3.000000 73.000000 3.000000 16.000000 79.000000 51.000000 23.000000 32.000000 1.000000 84.000000 23.000000 60.000000 33.000000 33.000000 51.000000 16.000000 47.000000 68.000000 10.000000 93.000000 17.000000 41.000000 98.000000 69.000000 
69.000000 91.000000 55.000000 62.000000 34.000000 77.000000 23.000000 38.000000 51.000000 79.000000 6.000000 30.000000 30.000000 29.000000 14.000000 83.000000 65.000000 37.000000 95.000000 98.000000 71.000000 46.000000 67.000000 70.000000 67.000000 77.000000 63.000000 36.000000 70.000000 13.000000 5.000000 39.000000 56.000000 61.000000 1.000000 91.000000 90.000000 77.000000 81.000000 41.000000 56.000000 87.000000 23.000000 38.000000 17.000000 89.000000 73.000000 82.000000 27.000000 68.000000 
33.000000 50.000000 15.000000 0.000000 20.000000 34.000000 29.000000 83.000000 70.000000 0.000000 97.000000 75.000000 91.000000 5.000000 88.000000 45.000000 96.000000 79.000000 22.000000 77.000000 72.000000 30.000000 65.000000 48.000000 20.000000 34.000000 37.000000 93.000000 16.000000 64.000000 61.000000 49.000000 14.000000 28.000000 1.000000 86.000000 62.000000 31.000000 70.000000 84.000000 83.000000 19.000000 60.000000 74.000000 24.000000 48.000000 71.000000 73.000000 27.000000 45.000000 
50.000000 52.000000 75.000000 67.000000 0.000000 47.000000 1.000000 37.000000 40.000000 70.000000 54.000000 54.000000 19.000000 20.000000 34.000000 21.000000 7.000000 97.000000 4.000000 29.000000 33.000000 39.000000 0.000000 93.000000 65.000000 76.000000 94.000000 37.000000 49.000000 73.000000 82.000000 52.000000 25.000000 10.000000 71.000000 25.000000 57.000000 73.000000 15.000000 98.000000 43.000000 69.000000 4.000000 14.000000 89.000000 38.000000 87.000000 48.000000 87.000000 43.000000 
77.000000 21.000000 82.000000 77.000000 66.000000 48.000000 54.000000 60.000000 37.000000 55.000000 34.000000 19.000000 7.000000 59.000000 29.000000 79.000000 37.000000 87.000000 4.000000 52.000000 37.000000 99.000000 21.000000 93.000000 13.000000 62.000000 31.000000 53.000000 11.000000 71.000000 96.000000 88.000000 92.000000 79.000000 18.000000 58.000000 79.000000 24.000000 71.000000 16.000000 79.000000 5.000000 87.000000 39.000000 16.000000 17.000000 70.000000 53.000000 56.000000 74.000000 
57.000000 45.000000 25.000000 30.000000 90.000000 38.000000 93.000000 21.000000 43.000000 56.000000 44.000000 40.000000 96.000000 36.000000 71.000000 14.000000 47.000000 50.000000 38.000000 18.000000 18.000000 70.000000 23.000000 5.000000 9.000000 39.000000 74.000000 79.000000 45.000000 82.000000 5.000000 2.000000 79.000000 30.000000 33.000000 69.000000 20.000000 78.000000 43.000000 64.000000 34.000000 87.000000 4.000000 30.000000 76.000000 75.000000 45.000000 23.000000 77.000000 35.000000 
93.000000 95.000000 57.000000 16.000000 52.000000 66.000000 7.000000 27.000000 97.000000 4.000000 9.000000 2.000000 7.000000 41.000000 32.000000 92.000000 10.000000 5.000000 70.000000 53.000000 69.000000 4.000000 41.000000 25.000000 34.000000 17.000000 52.000000 31.000000 92.000000 29.000000 19.000000 85.000000 76.000000 76.000000 53.000000 80.000000 95.000000 12.000000 7.000000 92.000000 17.000000 69.000000 95.000000 76.000000 10.000000 79.000000 20.000000 20.000000 36.000000 90.000000 
26.000000 5.000000 46.000000 19.000000 30.000000 32.000000 88.000000 34.000000 16.000000 80.000000 15.000000 35.000000 65.000000 91.000000 63.000000 70.000000 72.000000 58.000000 82.000000 31.000000 51.000000 51.000000 52.000000 98.000000 79.000000 14.000000 29.000000 99.000000 87.000000 66.000000 41.000000 13.000000 23.000000 39.000000 32.000000 6.000000 72.000000 20.000000 40.000000 88.000000 52.000000 56.000000 75.000000 69.000000 99.000000 90.000000 39.000000 23.000000 49.000000 73.000000 
7.000000 52.000000 25.000000 59.000000 2.000000 56.000000 26.000000 31.000000 56.000000 13.000000 49.000000 49.000000 26.000000 25.000000 89.000000 10.000000 31.000000 61.000000 30.000000 23.000000 1.000000 82.000000 31.000000 28.000000 51.000000 31.000000 18.000000 42.000000 6.000000 67.000000 15.000000 65.000000 71.000000 92.000000 77.000000 73.000000 49.000000 3.000000 57.000000 57.000000 16.000000 58.000000 6.000000 42.000000 83.000000 95.000000 52.000000 14.000000 8.000000 34.000000 
90.000000 61.000000 68.000000 21.000000 89.000000 71.000000 4.000000 60.000000 13.000000 63.000000 79.000000 80.000000 28.000000 51.000000 73.000000 5.000000 24.000000 22.000000 8.000000 33.000000 31.000000 76.000000 92.000000 37.000000 18.000000 75.000000 85.000000 22.000000 42.000000 45.000000 8.000000 32.000000 7.000000 76.000000 53.000000 48.000000 99.000000 58.000000 8.000000 64.000000 21.000000 40.000000 45.000000 1.000000 91.000000 70.000000 7.000000 67.000000 44.000000 67.000000 
1.000000 75.000000 44.000000 45.000000 64.000000 14.000000 20.000000 49.000000 89.000000 14.000000 95.000000 97.000000 46.000000 54.000000 26.000000 52.000000 54.000000 77.000000 62.000000 63.000000 42.000000 35.000000 55.000000 39.000000 36.000000 46.000000 61.000000 43.000000 65.000000 5.000000 63.000000 66.000000 80.000000 59.000000 63.000000 44.000000 25.000000 36.000000 46.000000 14.000000 50.000000 93.000000 64.000000 49.000000 47.000000 42.000000 1.000000 1.000000 19.000000 63.000000 
16.000000 13.000000 98.000000 71.000000 4.000000 34.000000 69.000000 65.000000 30.000000 35.000000 70.000000 45.000000 53.000000 2.000000 4.000000 17.000000 99.000000 81.000000 53.000000 97.000000 96.000000 55.000000 90.000000 12.000000 4.000000 89.000000 6.000000 57.000000 42.000000 77.000000 20.000000 59.000000 91.000000 70.000000 82.000000 47.000000 57.000000 4.000000 13.000000 87.000000 39.000000 35.000000 84.000000 44.000000 90.000000 40.000000 61.000000 41.000000 21.000000 66.000000 
38.000000 69.000000 74.000000 28.000000 81.000000 78.000000 17.000000 39.000000 88.000000 59.000000 17.000000 8.000000 70.000000 8.000000 31.000000 5.000000 7.000000 88.000000 9.000000 72.000000 27.000000 0.000000 8.000000 11.000000 44.000000 50.000000 3.000000 58.000000 91.000000 24.000000 76.000000 29.000000 46.000000 2.000000 57.000000 27.000000 33.000000 26.000000 19.000000 21.000000 37.000000 36.000000 29.000000 8.000000 96.000000 60.000000 65.000000 3.000000 0.000000 26.000000 
76.000000 27.000000 26.000000 36.000000 90.000000 22.000000 86.000000 93.000000 32.000000 29.000000 18.000000 61.000000 58.000000 64.000000 63.000000 67.000000 43.000000 96.000000 45.000000 62.000000 17.000000 82.000000 98.000000 99.000000 90.000000 46.000000 59.000000 7.000000 50.000000 12.000000 33.000000 78.000000 39.000000 11.000000 14.000000 30.000000 34.000000 52.000000 23.000000 66.000000 81.000000 93.000000 27.000000 91.000000 9.000000 43.000000 58.000000 5.000000 39.000000 3.000000 
19.000000 57.000000 37.000000 70.000000 56.000000 80.000000 16.000000 67.000000 87.000000 66.000000 79.000000 21.000000 44.000000 71.000000 32.000000 10.000000 1.000000 18.000000 62.000000 76.000000 37.000000 95.000000 22.000000 64.000000 86.000000 83.000000 59.000000 96.000000 88.000000 99.000000 51.000000 60.000000 56.000000 89.000000 30.000000 64.000000 69.000000 46.000000 31.000000 8.000000 65.000000 63.000000 29.000000 61.000000 34.000000 14.000000 72.000000 87.000000 32.000000 86.000000 
15.000000 69.000000 82.000000 89.000000 86.000000 20.000000 73.000000 45.000000 69.000000 13.000000 44.000000 72.000000 73.000000 52.000000 13.000000 55.000000 68.000000 82.000000 2.000000 0.000000 43.000000 67.000000 15.000000 72.000000 28.000000 1.000000 38.000000 52.000000 88.000000 71.000000 39.000000 55.000000 92.000000 73.000000 97.000000 78.000000 45.000000 70.000000 76.000000 14.000000 35.000000 20.000000 39.000000 61.000000 25.000000 52.000000 16.000000 93.000000 87.000000 70.000000 
45.000000 30.000000 37.000000 12.000000 54.000000 18.000000 13.000000 93.000000 22.000000 53.000000 64.000000 61.000000 9.000000 56.000000 86.000000 6.000000 87.000000 32.000000 28.000000 63.000000 98.000000 15.000000 35.000000 37.000000 76.000000 60.000000 90.000000 45.000000 6.000000 77.000000 15.000000 3.000000 59.000000 5.000000 16.000000 13.000000 75.000000 29.000000 6.000000 97.000000 83.000000 22.000000 59.000000 44.000000 31.000000 97.000000 50.000000 18.000000 29.000000 30.000000 
33.000000 80.000000 97.000000 68.000000 69.000000 74.000000 81.000000 59.000000 71.000000 39.000000 88.000000 86.000000 42.000000 47.000000 43.000000 58.000000 13.000000 18.000000 88.000000 19.000000 16.000000 23.000000 94.000000 27.000000 67.000000 25.000000 24.000000 69.000000 95.000000 6.000000 99.000000 80.000000 86.000000 96.000000 48.000000 55.000000 22.000000 81.000000 67.000000 45.000000 20.000000 7.000000 32.000000 63.000000 7.000000 27.000000 73.000000 20.000000 46.000000 61.000000 
91.000000 62.000000 36.000000 37.000000 41.000000 3.000000 14.000000 65.000000 72.000000 9.000000 23.000000 23.000000 41.000000 61.000000 72.000000 90.000000 69.000000 46.000000 23.000000 88.000000 92.000000 44.000000 95.000000 76.000000 59.000000 54.000000 3.000000 84.000000 26.000000 49.000000 98.000000 18.000000 63.000000 34.000000 55.000000 4.000000 38.000000 70.000000 22.000000 62.000000 31.000000 97.000000 38.000000 73.000000 59.000000 62.000000 15.000000 28.000000 8.000000 90.000000 
68.000000 52.000000 86.000000 15.000000 28.000000 45.000000 70.000000 32.000000 30.000000 96.000000 33.000000 28.000000 66.000000 97.000000 14.000000 22.000000 53.000000 52.000000 44.000000 27.000000 67.000000 27.000000 25.000000 5.000000 52.000000 84.000000 67.000000 67.000000 64.000000 27.000000 58.000000 84.000000 80.000000 44.000000 99.000000 8.000000 42.000000 69.000000 92.000000 24.000000 66.000000 26.000000 4.000000 32.000000 75.000000 18.000000 6.000000 80.000000 23.000000 2.000000 
8.000000 42.000000 30.000000 33.000000 47.000000 34.000000 69.000000 66.000000 2.000000 85.000000 45.000000 12.000000 69.000000 25.000000 8.000000 20.000000 86.000000 2.000000 90.000000 30.000000 78.000000 8.000000 8.000000 82.000000 92.000000 83.000000 53.000000 51.000000 64.000000 76.000000 53.000000 24.000000 70.000000 35.000000 57.000000 17.000000 70.000000 78.000000 35.000000 24.000000 15.000000 32.000000 88.000000 36.000000 10.000000 96.000000 56.000000 96.000000 51.000000 46.000000 
26.000000 29.000000 6.000000 35.000000 64.000000 99.000000 70.000000 17.000000 50.000000 86.000000 45.000000 55.000000 10.000000 15.000000 43.000000 19.000000 84.000000 13.000000 97.000000 71.000000 89.000000 64.000000 3.000000 77.000000 0.000000 13.000000 25.000000 57.000000 61.000000 76.000000 55.000000 40.000000 58.000000 62.000000 27.000000 22.000000 13.000000 97.000000 91.000000 15.000000 36.000000 88.000000 22.000000 46.000000 3.000000 65.000000 18.000000 39.000000 30.000000 67.000000 
62.000000 19.000000 32.000000 65.000000 48.000000 32.000000 31.000000 74.000000 41.000000 92.000000 2.000000 97.000000 84.000000 12.000000 11.000000 11.000000 34.000000 24.000000 61.000000 77.000000 91.000000 97.000000 65.000000 13.000000 95.000000 20.000000 79.000000 13.000000 11.000000 9.000000 81.000000 73.000000 81.000000 13.000000 91.000000 81.000000 97.000000 22.000000 7.000000 39.000000 66.000000 10.000000 88.000000 51.000000 74.000000 99.000000 62.000000 9.000000 75.000000 75.000000 
38.000000 66.000000 72.000000 4.000000 79.000000 20.000000 76.000000 10.000000 33.000000 88.000000 72.000000 66.000000 13.000000 53.000000 79.000000 4.000000 86.000000 29.000000 26.000000 94.000000 20.000000 45.000000 4.000000 8.000000 96.000000 78.000000 59.000000 10.000000 39.000000 34.000000 38.000000 30.000000 52.000000 10.000000 86.000000 31.000000 82.000000 62.000000 42.000000 16.000000 2.000000 14.000000 82.000000 16.000000 19.000000 14.000000 72.000000 5.000000 43.000000 99.000000 
99.000000 63.000000 96.000000 55.000000 23.000000 44.000000 86.000000 82.000000 54.000000 77.000000 68.000000 92.000000 7.000000 20.000000 55.000000 93.000000 51.000000 37.000000 8.000000 45.000000 5.000000 10.000000 11.000000 88.000000 78.000000 30.000000 54.000000 51.000000 88.000000 49.000000 2.000000 39.000000 64.000000 98.000000 95.000000 87.000000 42.000000 33.000000 21.000000 48.000000 10.000000 89.000000 93.000000 70.000000 9.000000 0.000000 63.000000 12.000000 89.000000 23.000000 
58.000000 95.000000 34.000000 21.000000 35.000000 64.000000 4.000000 89.000000 67.000000 92.000000 90.000000 69.000000 31.000000 54.000000 19.000000 78.000000 41.000000 13.000000 11.000000 62.000000 14.000000 74.000000 3.000000 7.000000 44.000000 12.000000 59.000000 59.000000 24.000000 48.000000 83.000000 34.000000 43.000000 69.000000 56.000000 30.000000 85.000000 60.000000 71.000000 53.000000 4.000000 61.000000 74.000000 87.000000 67.000000 94.000000 66.000000 8.000000 59.000000 29.000000 
22.000000 73.000000 55.000000 25.000000 32.000000 99.000000 89.000000 91.000000 11.000000 66.000000 40.000000 94.000000 0.000000 35.000000 63.000000 8.000000 18.000000 48.000000 20.000000 89.000000 53.000000 24.000000 3.000000 28.000000 12.000000 70.000000 74.000000 30.000000 31.000000 33.000000 59.000000 5.000000 59.000000 15.000000 83.000000 91.000000 66.000000 72.000000 35.000000 29.000000 38.000000 27.000000 23.000000 91.000000 14.000000 38.000000 99.000000 32.000000 39.000000 20.000000 
74.000000 92.000000 96.000000 29.000000 72.000000 8.000000 99.000000 46.000000 38.000000 82.000000 32.000000 50.000000 88.000000 91.000000 17.000000 71.000000 34.000000 83.000000 95.000000 69.000000 13.000000 86.000000 96.000000 88.000000 77.000000 63.000000 79.000000 28.000000 95.000000 18.000000 48.000000 69.000000 62.000000 97.000000 50.000000 35.000000 5.000000 50.000000 81.000000 44.000000 84.000000 13.000000 94.000000 24.000000 56.000000 11.000000 47.000000 91.000000 46.000000 43.000000 
12.000000 11.000000 29.000000 61.000000 52.000000 6.000000 24.000000 31.000000 86.000000 71.000000 49.000000 87.000000 93.000000 11.000000 84.000000 43.000000 98.000000 89.000000 45.000000 80.000000 85.000000 30.000000 45.000000 79.000000 54.000000 54.000000 42.000000 54.000000 97.000000 41.000000 97.000000 9.000000 4.000000 78.000000 22.000000 56.000000 36.000000 46.000000 87.000000 22.000000 70.000000 88.000000 9.000000 63.000000 52.000000 93.000000 6.000000 50.000000 35.000000 52.000000 
30.000000 20.000000 82.000000 28.000000 52.000000 88.000000 82.000000 46.000000 94.000000 79.000000 87.000000 91.000000 40.000000 92.000000 69.000000 63.000000 0.000000 57.000000 61.000000 88.000000 80.000000 31.000000 28.000000 41.000000 94.000000 80.000000 35.000000 1.000000 31.000000 22.000000 5.000000 13.000000 42.000000 39.000000 93.000000 94.000000 79.000000 27.000000 93.000000 74.000000 6.000000 32.000000 65.000000 99.000000 24.000000 87.000000 62.000000 77.000000 96.000000 75.000000 
17.000000 76.000000 7.000000 45.000000 18.000000 53.000000 78.000000 5.000000 6.000000 61.000000 27.000000 11.000000 26.000000 69.000000 50.000000 20.000000 16.000000 82.000000 47.000000 61.000000 56.000000 6.000000 93.000000 73.000000 5.000000 70.000000 12.000000 19.000000 47.000000 9.000000 94.000000 64.000000 85.000000 1.000000 61.000000 55.000000 7.000000 39.000000 60.000000 13.000000 0.000000 87.000000 77.000000 27.000000 9.000000 79.000000 99.000000 77.000000 61.000000 46.000000 
38.000000 17.000000 4.000000 31.000000 91.000000 9.000000 1.000000 3.000000 28.000000 48.000000 64.000000 23.000000 64.000000 50.000000 76.000000 26.000000 5.000000 83.000000 65.000000 18.000000 49.000000 18.000000 5.000000 26.000000 45.000000 66.000000 5.000000 44.000000 43.000000 19.000000 42.000000 33.000000 36.000000 47.000000 65.000000 79.000000 8.000000 18.000000 35.000000 37.000000 67.000000 99.000000 12.000000 83.000000 49.000000 40.000000 9.000000 7.000000 76.000000 27.000000 
77.000000 25.000000 45.000000 82.000000 3.000000 42.000000 1.000000 60.000000 38.000000 96.000000 79.000000 32.000000 30.000000 16.000000 31.000000 95.000000 47.000000 40.000000 13.000000 82.000000 29.000000 32.000000 34.000000 93.000000 16.000000 35.000000 33.000000 77.000000 42.000000 9.000000 4.000000 19.000000 34.000000 1.000000 54.000000 89.000000 43.000000 7.000000 50.000000 33.000000 3.000000 29.000000 66.000000 33.000000 97.000000 97.000000 28.000000 97.000000 89.000000 94.000000 
Jacobi relaxation calculation: 50 x 50 grid	./laplace_seq
95.000000 8.000000 78.000000 25.000000 18.000000 77.000000 75.000000 71.000000 47.000000 7.000000 23.000000 73.000000 28.000000 73.000000 44.000000 81.000000 20.000000 38.000000 71.000000 68.000000 68.000000 44.000000 55.000000 81.000000 62.000000 28.000000 12.000000 23.000000 88.000000 66.000000 57.000000 83.000000 27.000000 88.000000 60.000000 45.000000 65.000000 35.000000 69.000000 12.000000 43.000000 92.000000 85.000000 23.000000 17.000000 81.000000 56.000000 38.000000 20.000000 27.000000 
58.000000 39.925096 51.617670 40.883317 40.925131 57.866995 61.210401 57.739122 46.385587 33.462399 37.813922 51.130448 45.870034 55.718422 52.283080 57.434815 43.773870 47.935096 58.742483 60.879357 59.879089 53.905723 56.579253 61.934980 54.306354 41.037258 34.913702 41.898639 61.592055 61.283857 60.034738 63.697001 52.967782 64.541639 58.635996 53.248086 54.975758 48.288424 52.138363 40.607661 49.989924 64.944629 61.931650 43.336731 40.174666 54.376665 48.267973 37.571319 24.904244 12.000000 
22.000000 42.082716 47.662268 45.990465 46.950214 52.332446 54.235489 52.360499 47.340827 42.650087 43.662842 47.837835 48.631268 51.720573 51.979083 52.682312 49.725567 51.224031 55.155481 56.895854 56.731275 55.164550 55.476308 55.854313 52.253177 46.928975 44.718912 48.088798 55.185723 57.508637 58.158094 58.785484 56.632486 58.562780 56.754260 54.380588 53.366521 51.039574 50.657367 48.302356 51.407407 55.856941 54.445238 48.240610 45.985270 48.064019 45.123908 39.113060 30.045655 8.000000 
92.000000 58.743498 50.958220 48.466063 48.552813 50.277087 51.038611 50.126556 47.967135 46.134279 46.349526 47.926781 49.096628 50.553521 51.230366 51.589782 51.222057 52.079981 53.759555 54.817305 54.985607 54.544893 54.307118 53.752785 51.923068 49.706553 48.944172 50.551918 53.553403 55.406872 56.303517 56.654354 56.213900 56.322733 55.437676 54.153487 53.070163 51.845986 51.149176 50.536988 51.480408 52.630488 51.751753 49.195199 47.461785 46.770232 45.050580 43.711357 48.165318 77.000000 
49.000000 49.933057 48.961049 48.362756 48.517886 49.184478 49.515311 49.139980 48.266879 47.570369 47.674199 48.423136 49.274943 50.166517 50.799079 51.224393 51.492896 52.114281 52.985451 53.628204 53.848956 53.722298 53.454485 52.926642 51.979756 51.029998 50.799306 51.621300 53.069099 54.261931 54.994749 55.314514 55.246028 55.076577 54.520223 53.725521 52.914660 52.125029 51.556365 51.216011 51.346748 51.432852 50.736088 49.326648 47.896439 46.504545 44.596824 42.516471 41.904258 47.000000 
30.000000 43.027681 46.590165 47.506025 47.971498 48.427628 48.698176 48.651173 48.390032 48.206120 48.353765 48.816623 49.413489 50.038525 50.575039 51.015815 51.410855 51.898797 52.439766 52.861104 53.059713 53.040858 52.861882 52.519543 52.039314 51.634377 51.601753 52.064878 52.839760 53.577003 54.099035 54.362925 54.379121 54.217324 53.841117 53.313713 52.737926 52.183106 51.735242 51.423943 51.257720 51.018084 50.433098 49.478866 48.292779 46.754684 44.315699 39.853445 29.935245 2.000000 
35.000000 45.587501 46.865904 47.099680 47.434453 47.856362 48.198591 48.376505 48.435955 48.510315 48.718117 49.076102 49.523865 49.999055 50.446738 50.852972 51.235912 51.630284 52.013710 52.316734 52.487935 52.519539 52.432642 52.250333 52.023582 51.866444 51.908451 52.196698 52.648062 53.107286 53.461463 53.659029 53.690207 53.572483 53.313208 52.950289 52.540226 52.134227 51.777555 51.486801 51.242104 50.948666 50.499354 49.862939 49.041127 47.905711 46.057845 42.646364 35.983276 24.000000 
99.000000 57.456418 48.186272 46.592339 46.810273 47.364774 47.863321 48.220300 48.466968 48.681068 48.932285 49.245803 49.606813 49.987094 50.359884 50.713424 51.049535 51.372719 51.668058 51.904185 52.055753 52.116723 52.098813 52.025565 51.938237 51.899364 51.968910 52.165400 52.448505 52.742615 52.980503 53.121521 53.150195 53.069192 52.888943 52.634007 52.338463 52.036021 51.753949 51.503600 51.275231 51.035121 50.752714 50.432410 50.103078 49.769190 49.363606 48.690890 47.351495 45.000000 
22.000000 37.051901 41.830425 44.273130 45.849525 46.929139 47.669621 48.174406 48.530550 48.814704 49.084152 49.368012 49.670491 49.982623 50.292281 50.591304 50.876087 51.142997 51.381618 51.576194 51.714171 51.792786 51.820324 51.814876 51.804436 51.823865 51.902426 52.047488 52.237942 52.434164 52.596415 52.696355 52.719860 52.665147 52.539364 52.358335 52.143596 51.917445 51.698620 51.498420 51.320100 51.163872 51.043972 51.010908 51.169586 51.704364 52.936499 55.402095 59.731814 65.000000 
1.000000 26.920762 37.810397 42.820233 45.385558 46.832635 47.711619 48.277153 48.666123 48.963044 49.221609 49.471600 49.724516 49.980627 50.235314 50.483424 50.720511 50.941566 51.139224 51.304802 51.431949 51.519925 51.574822 51.609178 51.640766 51.689235 51.769440 51.884185 52.021610 52.159686 52.274637 52.347626 52.367743 52.332170 52.245034 52.116371 51.960143 51.791542 51.624666 51.471359 51.342875 51.256297 51.248394 51.397664 51.859994 52.942181 55.275930 60.249176 71.173668 97.000000 
18.000000 31.820749 39.670167 43.811847 46.039838 47.304224 48.067066 48.556463 48.893744 49.149740 49.367641 49.572265 49.775344 49.980057 50.184922 50.386565 50.580969 50.763530 50.928909 51.071841 51.188899 51.280144 51.349860 51.406250 51.460213 51.522870 51.601916 51.698199 51.804628 51.908335 51.994819 52.051769 52.071318 52.050756 51.992229 51.901973 51.789064 51.663915 51.537141 51.419478 51.323744 51.270047 51.295642 51.471359 51.930545 52.928435 54.975865 59.145013 67.713680 85.000000 
37.000000 42.692069 45.237676 46.717150 47.657724 48.277357 48.695959 48.987890 49.202649 49.374533 49.526948 49.674473 49.824539 49.979334 50.137753 50.296947 50.453269 50.602677 50.741042 50.864755 50.971661 51.061894 51.138222 51.205751 51.270967 51.340114 51.417155 51.502069 51.590367 51.674205 51.744537 51.793311 51.815003 51.807308 51.771152 51.710230 51.630224 51.537911 51.440507 51.345665 51.262577 51.204503 51.192768 51.261586 51.462394 51.865148 52.554083 53.641329 55.536040 61.000000 
71.000000 56.709849 51.871318 50.161354 49.596552 49.451520 49.451522 49.496488 49.554430 49.618796 49.691145 49.774143 49.869002 49.974990 50.089807 50.210202 50.332481 50.452869 50.567826 50.674474 50.771096 50.857549 50.935382 51.007563 51.077790 51.149463 51.224522 51.302554 51.380565 51.453581 51.515814 51.561937 51.588073 51.592322 51.574842 51.537569 51.483691 51.417000 51.341310 51.260100 51.176395 51.092623 51.009340 50.919823 50.792296 50.515679 49.733992 47.330179 39.789151 16.000000 
69.000000 61.276009 55.376393 52.460394 51.115611 50.480648 50.162122 49.992109 49.899789 49.855073 49.844694 49.861950 49.902338 49.961815 50.036284 50.121571 50.213585 50.308491 50.402921 50.494220 50.580700 50.661823 50.738196 50.811330 50.883168 50.955425 51.028917 51.103060 51.175759 51.243740 51.303200 51.350550 51.383031 51.399065 51.398323 51.381514 51.349972 51.305085 51.247635 51.177029 51.090280 50.980253 50.832145 50.616071 50.271289 49.671279 48.536027 46.156244 40.290385 22.000000 
97.000000 64.017793 55.897850 53.188220 51.924849 51.193341 50.724207 50.410040 50.197542 50.057016 49.970606 49.926626 49.916583 49.933650 49.971941 50.026215 50.091796 50.164588 50.241147 50.318783 50.395662 50.470849 50.544247 50.616394 50.688125 50.760153 50.832661 50.905009 50.975671 51.042420 51.102695 51.154032 51.194434 51.222586 51.237871 51.240193 51.229598 51.205735 51.167114 51.110101 51.027444 50.905963 50.722916 50.441027 50.005511 49.362121 48.582593 48.468385 53.216144 82.000000 
0.000000 41.897314 51.008994 52.469788 52.202222 51.643661 51.131325 50.726300 50.423323 50.204841 50.054090 49.957365 49.903719 49.884262 49.891615 49.919552 49.962796 50.016919 50.078296 50.144104 50.212314 50.281663 50.351550 50.421874 50.492784 50.564403 50.636566 50.708643 50.779496 50.847576 50.911128 50.968449 51.018088 51.058972 51.090384 51.111787 51.122491 51.121143 51.104986 51.068817 51.003433 50.893240 50.712529 50.419608 49.947609 49.189099 47.963839 45.918561 42.105805 33.000000 
48.000000 52.562468 53.771023 53.479716 52.770592 52.047755 51.431130 50.940515 50.564607 50.284936 50.083546 49.945027 49.856664 49.808063 49.790706 49.797582 49.822918 49.861994 49.911014 49.967022 50.027830 50.091937 50.158417 50.226768 50.296735 50.368108 50.440555 50.513502 50.586096 50.657257 50.725795 50.790546 50.850496 50.904832 50.952906 50.994079 51.027438 51.051359 51.062869 51.056750 51.024228 50.951037 50.814350 50.577269 50.176216 49.482827 48.165104 45.136213 36.288517 5.000000 
95.000000 66.581536 58.032914 54.907460 53.352673 52.345639 51.604927 51.040020 50.609656 50.286751 50.050132 49.882531 49.769847 49.700621 49.665563 49.657151 49.669301 49.697126 49.736744 49.785139 49.840047 49.899839 49.963411 50.030047 50.099278 50.170739 50.244045 50.318713 50.394127 50.469562 50.544247 50.617445 50.688519 50.756954 50.822328 50.884184 50.941824 50.993986 51.038383 51.071084 51.085693 51.072330 51.016565 50.898903 50.697159 50.400891 50.077536 50.172669 52.912051 69.000000 
69.000000 60.730761 56.871637 54.764538 53.387001 52.377201 51.602917 51.004984 50.547246 50.202279 49.947700 49.765118 49.639573 49.559010 49.513776 49.496157 49.500010 49.520465 49.553697 49.596745 49.647378 49.703961 49.765341 49.830732 49.899593 49.971524 50.046173 50.123179 50.202138 50.282617 50.364187 50.446469 50.529178 50.612139 50.695268 50.778504 50.861688 50.944377 51.025592 51.103511 51.175128 51.236026 51.280676 51.304618 51.312627 51.346041 51.571481 52.564876 56.187016 68.000000 
33.000000 50.469869 53.958336 53.892055 53.053593 52.173246 51.424556 50.829753 50.372064 50.027420 49.773272 49.590668 49.464315 49.382072 49.334372 49.313690 49.314117 49.331029 49.360832 49.400767 49.448759 49.503285 49.563262 49.627947 49.696837 49.769589 49.845946 49.925691 50.008629 50.094581 50.183413 50.275066 50.369586 50.467156 50.568100 50.672876 50.782048 50.896241 51.016098 51.142240 51.275284 51.415968 51.565497 51.726266 51.902691 52.099164 52.297470 52.328340 51.271137 45.000000 
50.000000 54.190380 54.599784 53.791750 52.762071 51.837636 51.092307 50.517408 50.083838 49.762065 49.527298 49.359969 49.244946 49.170592 49.127951 49.110114 49.111738 49.128701 49.157834 49.196733 49.243607 49.297157 49.356474 49.420955 49.490221 49.564050 49.642329 49.725012 49.812104 49.903665 49.999820 50.100795 50.206945 50.318800 50.437101 50.562853 50.697386 50.842443 51.000317 51.174066 51.367802 51.587064 51.839078 52.132258 52.472706 52.850455 53.190894 53.179877 51.569192 43.000000 
77.000000 61.691868 56.458669 53.913093 52.365303 51.322920 50.589627 50.063733 49.683817 49.409702 49.213888 49.076964 48.984907 48.927398 48.896727 48.887076 48.894022 48.914202 48.945070 48.984725 49.031780 49.085261 49.144523 49.209179 49.279040 49.354062 49.434309 49.519923 49.611112 49.708154 49.811408 49.921348 50.038600 50.163996 50.298650 50.444050 50.602201 50.775825 50.968663 51.185904 51.434793 51.725407 52.071494 52.490983 53.005418 53.639058 54.435774 55.631081 58.825755 74.000000 
57.000000 59.118424 55.629930 53.036649 51.463127 50.499114 49.879550 49.464080 49.177993 48.979039 48.841587 48.749091 48.690322 48.657365 48.644484 48.647441 48.663073 48.689015 48.723519 48.765316 48.813526 48.867584 48.927178 48.992199 49.062698 49.138850 49.220922 49.309258 49.404267 49.506430 49.616310 49.734590 49.862109 49.999935 50.149453 50.312496 50.491542 50.689995 50.912606 51.166095 51.460060 51.808277 52.230507 52.754761 53.418926 54.264585 55.282062 56.082918 54.102748 35.000000 
93.000000 62.151899 53.905979 51.140446 49.951441 49.330861 48.965377 48.735044 48.585038 48.486873 48.424330 48.387490 48.369924 48.367257 48.376403 48.395131 48.421811 48.455268 48.494675 48.539493 48.589425 48.644371 48.704405 48.769740 48.840704 48.917717 49.001271 49.091919 49.190269 49.296987 49.412814 49.538591 49.675312 49.824183 49.986730 50.164939 50.361477 50.580006 50.825670 51.105811 51.431075 51.817133 52.287497 52.878627 53.650939 54.718295 56.344971 59.315782 66.502319 90.000000 
26.000000 42.583191 46.701642 47.667716 47.871329 47.907513 47.916051 47.925683 47.940242 47.959086 47.981369 48.006616 48.034627 48.065337 48.098741 48.134867 48.173775 48.215570 48.260418 48.308558 48.360308 48.416071 48.476332 48.541653 48.612661 48.690042 48.774526 48.866879 48.967904 49.078437 49.199366 49.331650 49.476363 49.634755 49.808344 49.999054 50.209419 50.442884 50.704257 51.000402 51.341296 51.741684 52.223719 52.821314 53.587907 54.612685 56.063745 58.332919 62.590745 73.000000 
7.000000 35.479223 42.649683 44.957445 45.958647 46.511812 46.865631 47.111394 47.291159 47.427862 47.535444 47.622977 47.696630 47.760722 47.818358 47.871822 47.922851 47.972819 48.022871 48.074013 48.127178 48.183272 48.243199 48.307877 48.378246 48.455266 48.539911 48.633168 48.736029 48.849491 48.974562 49.112280 49.263736 49.430131 49.612837 49.813514 50.034262 50.277853 50.548073 50.850246 51.192022 51.584588 52.044383 52.595002 53.266689 54.080792 54.964406 55.361404 52.527742 34.000000 
90.000000 49.684019 43.460420 43.553734 44.494001 45.315457 45.923269 46.363101 46.685140 46.925758 47.109567 47.253220 47.368193 47.462565 47.542146 47.611211 47.672987 47.729985 47.784234 47.837444 47.891120 47.946641 48.005315 48.068411 48.137181 48.212863 48.296684 48.389853 48.493553 48.608935 48.737113 48.879170 49.036172 49.209194 49.399359 49.607903 49.836263 50.086192 50.359937 50.660485 50.991959 51.360264 51.774220 52.247624 52.803055 53.479390 54.351682 55.620550 58.158820 67.000000 
1.000000 29.796432 37.954247 41.303069 43.148166 44.332748 45.148885 45.732603 46.160540 46.480465 46.723846 46.912143 47.060358 47.179198 47.276450 47.357890 47.427901 47.489899 47.546636 47.600409 47.653216 47.706857 47.763008 47.823271 47.889203 47.962321 48.044109 48.136008 48.239397 48.355583 48.485784 48.631115 48.792589 48.971113 49.167500 49.382477 49.616694 49.870716 50.144996 50.439798 50.755065 51.090289 51.444610 51.818218 52.218518 52.682028 53.342384 54.610292 57.486987 63.000000 
16.000000 30.547462 37.257065 40.556130 42.462847 43.718482 44.606921 45.257885 45.743951 46.111716 46.393210 46.611146 46.781897 46.917419 47.026567 47.115999 47.190827 47.255074 47.312000 47.364342 47.414480 47.464562 47.516588 47.572464 47.634038 47.703109 47.781425 47.870671 47.972442 48.088217 48.219324 48.366918 48.531956 48.715171 48.917052 49.137812 49.377319 49.634982 49.909535 50.198644 50.498216 50.801214 51.095715 51.362119 51.570772 51.687822 51.725533 51.991248 54.178835 66.000000 
38.000000 39.136351 39.970421 41.201538 42.428610 43.471413 44.302431 44.948065 45.445664 45.829236 46.126133 46.357336 46.538664 46.682016 46.796398 46.888710 46.964335 47.027570 47.081950 47.130478 47.175799 47.220323 47.266317 47.315960 47.371377 47.434650 47.507810 47.592809 47.691485 47.805518 47.936376 48.085279 48.253145 48.440560 48.647726 48.874400 49.119787 49.382358 49.659518 49.947027 50.237941 50.520638 50.774915 50.963772 51.014627 50.772955 49.880677 47.450334 41.237105 26.000000 
76.000000 48.027523 42.286728 41.850993 42.578642 43.436131 44.183324 44.786281 45.261404 45.633433 45.924751 46.153399 46.333406 46.475583 46.588301 46.678110 46.750231 46.808921 46.857752 46.899821 46.937914 46.974614 47.012397 47.053681 47.100860 47.156306 47.222356 47.301270 47.395172 47.505992 47.635385 47.784675 47.954786 48.146199 48.358892 48.592274 48.845072 49.115145 49.399153 49.692006 49.985885 50.268479 50.519536 50.703428 50.751009 50.508694 49.573885 46.692306 37.319250 3.000000 
19.000000 34.687012 39.297975 41.337065 42.598833 43.511143 44.208452 44.752332 45.180237 45.518340 45.786038 45.998105 46.165977 46.298610 46.403111 46.485198 46.549559 46.600131 46.640314 46.673143 46.701421 46.727824 46.754977 46.785509 46.822074 46.867358 46.924039 46.994741 47.081943 47.187892 47.314498 47.463248 47.635126 47.830559 48.049370 48.290731 48.553083 48.833995 49.129944 49.435957 49.745112 50.047858 50.331324 50.579394 50.777288 50.936925 51.213865 52.425753 58.347591 86.000000 
15.000000 32.422550 38.881094 41.600460 42.968481 43.801158 44.387010 44.834356 45.188872 45.473652 45.702955 45.887007 46.033786 46.149770 46.240336 46.310011 46.362676 46.401730 46.430231 46.451014 46.466802 46.480282 46.494179 46.511302 46.534571 46.567011 46.611703 46.671711 46.749967 46.849134 46.971468 47.118694 47.291911 47.491539 47.717297 47.968199 48.242532 48.537809 48.850669 49.176769 49.510748 49.846517 50.178506 50.505535 50.841825 51.247855 51.918897 53.449249 57.645362 70.000000 
45.000000 41.122092 42.203394 43.215198 43.873471 44.338000 44.704072 45.009212 45.267243 45.484442 45.665123 45.813183 45.932389 46.026349 46.098451 46.151834 46.189405 46.213884 46.227863 46.233882 46.234492 46.232324 46.230153 46.230948 46.237899 46.254411 46.284050 46.330434 46.397080 46.487208 46.603546 46.748149 46.922286 47.126389 47.360081 47.622234 47.911039 48.224041 48.558155 48.909700 49.274593 49.648958 50.030648 50.422414 50.836624 51.293771 51.764618 51.806987 48.784606 30.000000 
33.000000 44.862425 45.595190 45.183468 44.972207 44.973297 45.082068 45.231175 45.386446 45.531750 45.659911 45.768212 45.856238 45.924786 45.975284 46.009469 46.029227 46.036535 46.033457 46.022160 46.004960 45.984369 45.963162 45.944438 45.931665 45.928685 45.939652 45.968896 46.020710 46.099074 46.207358 46.348071 46.522694 46.731650 46.974403 47.249618 47.555348 47.889161 48.248209 48.629284 49.028967 49.444072 49.872715 50.316850 50.788485 51.325987 52.038817 53.229473 55.686076 61.000000 
91.000000 59.732419 50.131472 46.951278 45.858591 45.500914 45.419728 45.446975 45.515616 45.596202 45.674559 45.743517 45.799564 45.841273 45.868431 45.881530 45.881498 45.869575 45.847268 45.816340 45.778817 45.737030 45.693689 45.651978 45.615639 45.589011 45.576975 45.584788 45.617792 45.681018 45.778742 45.914083 46.088767 46.303116 46.556262 46.846486 47.171574 47.529046 47.916237 48.330259 48.767920 49.225647 49.699290 50.183787 50.674478 51.182874 51.835191 53.386013 59.730225 90.000000 
68.000000 52.935779 48.247002 46.631581 46.009963 45.752042 45.648953 45.621382 45.632840 45.662882 45.698607 45.731733 45.757228 45.772311 45.775637 45.766724 45.745660 45.712997 45.669701 45.617116 45.556939 45.491245 45.422586 45.354144 45.289901 45.234746 45.194451 45.175489 45.184650 45.228465 45.312509 45.440752 45.615175 45.835787 46.101042 46.408491 46.755416 47.139211 47.557436 48.007594 48.486807 48.991307 49.515009 50.044531 50.542766 50.895840 50.733061 48.749161 39.848812 2.000000 
8.000000 35.763696 43.289174 45.318083 45.797639 45.848336 45.802662 45.756761 45.731480 45.723879 45.725253 45.727580 45.725304 45.715107 45.695082 45.664067 45.621422 45.567051 45.501422 45.425485 45.340579 45.248426 45.151265 45.052111 44.955077 44.865620 44.790593 44.738067 44.716854 44.735683 44.802077 44.921242 45.095394 45.323813 45.603628 45.931022 46.302386 46.714947 47.166700 47.655874 48.180406 48.737767 49.324908 49.936562 50.556214 51.124660 51.452052 51.028758 48.915861 46.000000 
26.000000 38.829831 43.827916 45.553936 46.014175 46.041000 45.956597 45.871520 45.812438 45.775901 45.750947 45.728031 45.701299 45.667733 45.625516 45.573040 45.508910 45.432364 45.343451 45.242823 45.131464 45.010615 44.881937 44.747958 44.612676 44.482063 44.364235 44.269332 44.209017 44.195337 44.238874 44.346745 44.521345 44.760444 45.058635 45.409582 45.808159 46.251493 46.738544 47.268795 47.841176 48.454446 49.110293 49.820596 50.620868 51.594534 52.921730 54.997959 58.785873 67.000000 
62.000000 49.727713 47.638722 47.055569 46.664126 46.344893 46.111205 45.960285 45.870853 45.816338 45.774604 45.732299 45.684127 45.629010 45.566208 45.493669 45.408812 45.310044 45.197196 45.070892 44.931840 44.780631 44.617911 44.445107 44.265607 44.085722 43.914953 43.766007 43.654543 43.597774 43.611337 43.705518 43.882796 44.137983 44.460886 44.840513 45.269174 45.744320 46.267190 46.839586 47.461057 48.128547 48.841224 49.614662 50.512126 51.710879 53.642373 57.255474 64.229673 75.000000 
38.000000 50.442300 49.943689 48.365492 47.241869 46.563238 46.183046 45.987563 45.894352 45.843993 45.798832 45.742434 45.673900 45.597971 45.516639 45.426616 45.322626 45.201803 45.064396 44.911709 44.744374 44.562159 44.363969 44.148951 43.918922 43.680266 43.443848 43.225201 43.045376 42.929877 42.903183 42.981196 43.166338 43.447805 43.806413 44.222411 44.683704 45.189425 45.746308 46.361302 47.034919 47.757463 48.511391 49.284703 50.102095 51.094483 52.681411 56.151892 65.877344 99.000000 
99.000000 64.097799 53.328243 49.220842 47.374618 46.483146 46.070177 45.912568 45.874998 45.866450 45.834298 45.764704 45.671067 45.572336 45.475760 45.373530 45.253274 45.110145 44.946878 44.767173 44.571789 44.359660 44.126854 43.867809 43.580863 43.272571 42.954973 42.645573 42.371882 42.173177 42.090323 42.149742 42.353556 42.680487 43.094551 43.559012 44.053806 44.583367 45.167317 45.824393 46.559855 47.354994 48.162176 48.910663 49.517069 49.883546 49.836894 48.793341 44.127810 23.000000 
58.000000 53.620653 50.050641 47.815014 46.552616 45.924552 45.701948 45.717533 45.826625 45.912509 45.907205 45.811017 45.673329 45.544546 45.440533 45.338471 45.206793 45.038627 44.845797 44.638315 44.415950 44.177839 43.915977 43.614567 43.264150 42.874182 42.457899 42.030235 41.623403 41.300625 41.135189 41.173895 41.417658 41.826035 42.332290 42.865283 43.389140 43.922919 44.515199 45.209101 46.025112 46.940483 47.871655 48.678704 49.171972 49.085739 47.989278 45.056767 38.840556 29.000000 
22.000000 42.334171 45.438654 45.435956 45.096282 44.960497 45.095528 45.428992 45.801458 46.049757 46.070998 45.898830 45.666686 45.491987 45.403355 45.333028 45.196802 44.991770 44.759370 44.524340 44.275858 44.019769 43.744649 43.410332 42.986987 42.502109 41.972206 41.394064 40.790870 40.270731 39.975912 39.992990 40.317146 40.873705 41.543293 42.180688 42.714553 43.203971 43.761458 44.471699 45.391008 46.510173 47.705257 48.760524 49.406378 49.298159 47.977711 44.603892 37.177648 20.000000 
74.000000 48.277376 43.933848 43.393874 43.436058 43.725628 44.290677 45.101447 45.900460 46.414063 46.428199 46.046619 45.602598 45.353361 45.347872 45.393484 45.255616 44.972282 44.675573 44.423816 44.143372 43.880730 43.632517 43.295124 42.771358 42.175060 41.534754 40.782946 39.875280 39.015519 38.504737 38.505008 38.984230 39.808344 40.786490 41.599622 42.084412 42.416955 42.854963 43.525227 44.557050 46.003942 47.678675 49.251759 50.394855 50.722809 50.019517 48.203440 45.266145 43.000000 
12.000000 32.841485 38.625489 40.769635 41.528447 42.215279 43.240104 44.785660 46.284872 47.277836 47.181115 46.256849 45.343726 44.970986 45.241288 45.637421 45.459898 44.966167 44.546825 44.351980 43.993082 43.727263 43.609565 43.366291 42.628260 41.892018 41.208803 40.327688 38.911784 37.411329 36.522509 36.538076 37.306423 38.588951 40.194702 41.346899 41.606519 41.524474 41.716213 42.217197 43.308023 45.269871 47.753744 50.172979 52.198477 53.178704 53.174108 52.924207 52.683491 52.000000 
30.000000 32.463075 36.956990 39.530728 39.692816 40.366938 41.668800 44.516217 47.175531 49.231294 48.761577 46.455937 44.544471 43.945568 45.008875 46.455012 45.980388 44.885662 44.193580 44.444198 43.749715 43.425673 43.712189 43.932216 42.483374 41.555948 41.080753 40.407217 38.032841 35.195502 33.635893 33.818366 35.114432 37.046337 40.056467 41.986752 41.470291 40.358209 40.268217 40.319326 41.187974 44.013775 47.893449 51.487938 55.047367 56.619424 56.574002 57.635790 60.543612 75.000000 
17.000000 30.053824 37.208668 40.703470 37.345152 37.890855 38.551942 44.434877 48.669740 53.710232 52.177961 46.260850 42.432653 41.257941 44.393632 49.193365 47.120978 44.402512 42.897636 45.481517 43.135905 42.513525 43.881303 46.167008 41.817072 40.767648 41.151046 42.187584 37.616862 31.701946 29.007195 29.985063 32.286602 34.425498 40.998076 45.073352 41.929685 38.169853 38.679119 37.603917 37.110771 41.703806 48.318340 52.837957 59.883630 61.677622 58.866687 60.501339 56.855168 46.000000 
38.000000 33.543553 41.120388 48.729332 31.093468 35.299390 30.213235 46.001608 49.358321 64.761935 59.979186 43.976847 37.667352 34.259910 42.114345 58.803840 48.907648 42.705774 37.512935 51.448329 40.798863 39.611220 43.132491 55.037439 37.850259 38.546526 40.568196 49.575214 38.545075 24.988224 20.705877 24.828089 29.621417 27.370975 44.436987 55.378896 43.005245 31.712397 38.674491 34.306449 27.947389 37.372336 50.838149 51.661920 69.971574 71.340745 56.713786 68.647711 60.375720 27.000000 
77.000000 25.000000 45.000000 82.000000 3.000000 42.000000 1.000000 60.000000 38.000000 96.000000 79.000000 32.000000 30.000000 16.000000 31.000000 95.000000 47.000000 40.000000 13.000000 82.000000 29.000000 32.000000 34.000000 93.000000 16.000000 35.000000 33.000000 77.000000 42.000000 9.000000 4.000000 19.000000 34.000000 1.000000 54.000000 89.000000 43.000000 7.000000 50.000000 33.000000 3.000000 29.000000 66.000000 33.000000 97.000000 97.000000 28.000000 97.000000 89.000000 94.000000 

./laplace_seq Kernel executed in 3.867210e-01 seconds with 12383 iterations and error of 9.982280e-09
