95.000000 8.000000 78.000000 25.000000 18.000000 
77.000000 75.000000 71.000000 47.000000 7.000000 
23.000000 73.000000 28.000000 73.000000 44.000000 
81.000000 20.000000 38.000000 71.000000 68.000000 
68.000000 44.000000 55.000000 81.000000 62.000000 
Jacobi relaxation calculation: 5 x 5 grid	./laplace_seq
95.000000 8.000000 78.000000 25.000000 18.000000 
77.000000 44.897325 51.241070 32.629468 7.000000 
23.000000 43.348213 49.437507 47.276784 44.000000 
81.000000 56.058039 55.883927 63.040182 68.000000 
68.000000 44.000000 55.000000 81.000000 62.000000 

Kernel executed in 0.000012 seconds with 43 iterations and error of 0.0000099838
